P0: 2.31880000e+03 0.00000000e+00 9.59500000e+02 0.00000000e+00 0.00000000e+00 2.31880000e+03 5.99500000e+02 0.00000000e+00 0.00000000e+00 0.00000000e+00 1.00000000e+00 0.00000000e+00
P1: 2.31880000e+03 0.00000000e+00 9.59500000e+02 0.00000000e+00 0.00000000e+00 2.31880000e+03 5.99500000e+02 0.00000000e+00 0.00000000e+00 0.00000000e+00 1.00000000e+00 0.00000000e+00
P2: 2.31880000e+03 0.00000000e+00 9.59500000e+02 0.00000000e+00 0.00000000e+00 2.31880000e+03 5.99500000e+02 0.00000000e+00 0.00000000e+00 0.00000000e+00 1.00000000e+00 0.00000000e+00
P3: 2.31880000e+03 0.00000000e+00 9.59500000e+02 0.00000000e+00 0.00000000e+00 2.31880000e+03 5.99500000e+02 0.00000000e+00 0.00000000e+00 0.00000000e+00 1.00000000e+00 0.00000000e+00
R0_rect: 1.00000000e+00 0.00000000e+00 0.00000000e+00 0.00000000e+00 1.00000000e+00 0.00000000e+00 0.00000000e+00 0.00000000e+00 1.00000000e+00
Tr_velo_to_cam: -2.12017941e-02 -9.99761478e-01 5.23997388e-03 1.56148368e-02 -1.61566678e-01 -1.74602743e-03 -9.86860247e-01 -6.58307032e-02 9.86634015e-01 -2.17698195e-02 -1.61491116e-01 -7.11819139e-01
